 002651562
 003002078
 003035084
 007010910
 007031136
 007035048
 007035958
 007039360
 007041878
 007054235
 007229433
 007229990
 007231592
 007232111
 007233970
 007234553
 007234898
 007235053
 007238032
 007238579
 007239266
 007239887
 007240231
 007240655
 007243188
 007243202
 007243731
 007244848
 007245269
 007246053
 007246352
 007246464
 007246523
 007246563
 007246685
 007246750
 007246824
 007246836
 007247146
 007247852
 007249295
 007249938
 007250503
 007252523
 007252830
 007253495
 007281935
 007282340
 007282741
 007282880
 007282920
 007283008
 007283087
 007283156
 007283494
 007283878
 007284611
 007284823
 007285934
 007286178
 007286447
 007286487
 007286578
 007286598
 007287177
 007287252
 007287379
 007287506
 007287648
 007288120
 007288760
 007291899
 007291981
 007292164
 007292193
 007292218
 007292242
 007293414
 007293588
 007293693
 007294775
 007294788
 007295175
 007295723
 007295886
 007296144
 007296183
 007296190
 007296194
 007296216
 007296221
 007296305
 007296420
 007296446
 007296472
 007296597
 007296634
 007296655
 007296772
 007297121
 007297122
 007297123
 007297586
 007297675
 007297686
 007297735
 007297745
 007297751
 007297755
 007297863
 007297952
 007298090
 007298271
 007298301
 007298380
 007298390
 007298621
 007298622
 007298717
 007298722
 007298728
 007298732
 007298936
 007299071
 007299105
 007299256
 007299402
 007299435
 007299442
 007299568
 007299686
 007301121
 007301238
 007301603
 007301837
 007301865
 007301933
 007304076
 007304465
 007304667
 007304838
 007304920
 007304921
 007305019
 007305188
 007305189
 007305233
 007308015
 007310023
 007310156
 007310159
 007310169
 007310170
 007310171
 007310174
 007310176
 007310255
 007310402
 007310445
 007310463
 007310464
 007310576
 007310763
 007310767
 007310768
 007310795
 007310874
 007310938
 007310941
 007310944
 007310963
 007312165
 007312166
 007312258
 007312286
 007312699
 007312892
 007313082
 007313194
 007313428
 007313429
 007313493
 007313569
 007313585
 007313594
 007313690
 007313753
 007313833
 007313896
 007319175
 007319181
 007319183
 007319263
 007319417
 007320313
 007320534
 007321114
 007321487
 007321577
 007321946
 007322033
 007322107
 007322435
 007322978
 007325032
 007325643
 007366009
 007366055
 012598055
 012598057
 013008205
 013008369
 013008461
 013008507
 013008519
 013008847
 013016763
 013017598
 013028127
 013030791
 013031358
 013033271
 013034074
 013034281
 013035280
 013035471
 013038471
 013040467
 013040871
 013041150
 013041977
 013046019
 013046106
 013046641
 013047110
 013047394
 013048987
 013060620
 013060899
 013060907
 013061885
 013065245
 013066189
 013066491
 013081542
 013081908
 013086817
 013088239
 013088978
 013090996
 013092553
 013093085
 013101365
 013101367
 013107389
 013109597
 013109686
 013110895
 013111202
 013111892
 013113127
 013113764
 013114624
 013114865
 013115086
 013117686
 013118111
 013119076
 013119087
 013121633
 013140208
 013140412
 013140941
 013140970
 013142462
 013142471
 013142706
 013143021
 013143261
 013143275
 013143351
 013143372
 013143582
 013143745
 013143994
 013144097
 013144200
 013144234
 013144329
 013144447
 013144565
 013144571
 013144679
 013144716
 013144968
 013145065
 013145091
 013145306
 013145334
 013145353
 013145424
 013145443
 013145461
 013145487
 013145733
 013145757
 013146324
 013146413
 013146560
 013146592
 013146918
 013146919
 013146956
 013146984
 013147046
 013147089
 013147198
 013147591
 013147732
 013147845
 013147954
 013147972
 013148190
 013148316
 013148398
 013148519
 013148521
 013148649
 013148736
 013148965
 013149178
 013149459
 013149470
 013149484
 013149538
 013149579
 013149726
 013149745
 013149749
 013149751
 013149755
 013149908
 013149930
 013149945
 013153435
 013153841
 013154274
 013154714
 013154865
 013155444
 013155445
 013160258
 013167267
 013167686
 013167831
 013167981
 013169739
 013169944
 013169957
 013170869
 013173042
 013173349
 013178686
 013181629
 013183736
 013184069
 013185122
 013185461
 013185471
 013185605
 013185640
 013185662
 013185702
 013185755
 013185757
 013185785
 013186015
 013186026
 013186239
 013186622
 013186712
 013186793
 013186877
 013186942
 013187016
 013187076
 013187364
 013187374
 013187882
 013188809
 013189102
 013189262
 013191345
 013191822
 013191833
 013191963
 013192244
 013192538
 013193007
 013193081
 013193198
 013193199
 013193315
 013195085
 013196316
 013218474
 013218694
 013218746
 013219226
 013220384
 013227781
 013243156
 013321431
 013526526
 013576380
 013651068
 013726142
 013754920
 013790395
 013805326
 013814757
 013907874
 019507340
 019510809
 019511009
 019511644
 019513605
 019514251
 019515833
 020112819
 020114659
 020118075
 020154393
 020176390
 020177025
 020177131
 020537606
 020542651
 020543967
 020544444
 020544913
 020544944
 020545795
 020545938
 020547305
 020547753
 020547809
 020548392
 025613687
 025624795
 026203293
 031240684
 031240685
 031240724
 031241262
 031241933
 031243445
 032114901
 032115934
 032116208
 032116639
 032118558
 032119800
 032122735
 032122757
 032122817
 032123685
 032123687
 032126761
 032127076
 032127880
 032127884
 032128029
 032128030
 032128713
 032129383
 032129535
 032130503
 032130504
 032132213
 032133023
 032133025
 032135796
 032136957
 032138951
 032140949
 032301887
 032302449
 032302586
 032302593
 032400751
 032406685
 032417188
 032417461
 032418800
 032420014
 032420160
 032420223
 032420485
 032420488
 032420564
 032422113
 032422155
 032422304
 032422310
 032422470
 032422581
 032422612
 032422629
 032423310
 032423343
 032423501
 032423662
 032423670
 032423673
 032425875
 032425913
 032425968
 032425991
 032426060
 032426076
 032426127
 032427086
 032432143
 032432363
 032437633
 032440082
 032440542
 039392409
 039392496
 039392553
 039392702
 039397083
 039397515
 039397776
 039397879
 039397905
 039397996
 039597727
 044310034
 047100077
 047112062
 047113476
 047114448
 047115232
 047115368
 047119826
 047120231
 047123009
 047123231
 047127214
 047127471
 047132168
 047134806
 047139362
 047141077
 047141389
 047141526
 047141799
 047142084
 047143337
 047143338
 047143339
 047144577
 047144593
 047145007
 047146580
 047147015
 047148728
 047148735
 047148885
 047156337
 047165527
 047165631
 047166177
 047166178
 047166293
 047166315
 047167582
 047168170
 047168476
 047168934
 047169209
 047169238
 047169466
 047170522
 047171537
 047173042
 047173051
 047173636
 047173696
 047173769
 047174955
 047175530
 049500561
 049501162
 049501203
 049501599
 049503128
 049509325
 049518706
 052137095
 053420910
 053422902
 053435945
 053437804
 053438058
 053438743
 053438999
 053439200
 053439339
 053439933
 053440521
 053440842
 053440896
 053441793
 053441805
 053441878
 053449124
 053449143
 053449214
 053453605
 053455381
 053455401
 053455810
 053455986
 053458505
 053458962
 053458989
 053459053
 053460008
 053460725
 053460795
 053460859
 053461859
 053462167
 053494884
 053495097
 053499723
 053499766
 061840050
 061921526
 061921743
 061925574
 071671544
 071674339
 071674366
 071675229
 071675237
 071675706
 071675881
 071676400
 071676446
 071679159
 072160187
 072160240
 072169003
 072169757
 072169773
 075066168
 076192261
 078173639
 080530655
 080533015
 080534635
 080534665
 080534680
 080534790
 080534830
 080535909
 080536624
 080536851
 080537146
 080537160
 080537210
 080537253
 080537280
 080537327
 080537678
 080538566
 080538684
 080539190
 088427178
 089042025
 140186026
 141600088
 141602534
 141883593
 141883597
 141883639
 141884370
 155860604
 155860832
 193253108
